BPS
4
Nota 0
1
-15
1
Nota 1
0
-16
1
Nota 2
1
-17
1
Nota 3
0
-18
1
Nota 4
1
-19
1
Nota 5
0
-20
1
Nota 6
1
-22.5267
2.51333
Nota 7
2
-23.5467
1
Nota 8
2
-25.58
1
Nota 9
0
-31.0667
1
Nota 10
1
-30.0467
1
Nota 11
0
-33.1067
1
Nota 12
1
-32.0867
1
Nota 13
0
-35.1533
1
Nota 14
1
-53
1
Nota 15
0
-54
1
Nota 16
1
-55
1
Nota 17
0
-56
1
Nota 18
1
-57
1
Nota 19
0
-58
1
Nota 20
1
-59
1
Nota 21
0
-60
1
Nota 22
1
-61
1
Nota 23
0
-62
1
Nota 24
1
-64.0133
2.01333
Nota 25
3
-66.0467
1
Nota 26
2
-73.04
1
Nota 27
3
-72.0133
0.993332
Nota 28
3
-24.58
1
Nota 29
3
-26.5867
1
Nota 30
2
-29.0067
2.40667
Nota 31
1
-34.1333
1
Nota 32
3
-41.3467
1
Nota 33
2
-42.36
1
Nota 34
3
-43.4
1
Nota 35
2
-44.4267
1
Nota 36
3
-45.4267
0.98
Nota 37
2
-46.4467
1
Nota 38
3
-47.48
1
Nota 39
3
-49.54
1
Nota 40
2
-40.3067
1
Nota 41
2
-48.4933
1
Nota 42
2
-51.9467
2.38667
Nota 43
1
-37.16
1.98667
Nota 44
3
-39.28
1
Nota 45
2
-65.0333
1
Nota 46
3
-68.0133
1
Nota 47
2
-67
1
Nota 48
2
-69
1
Nota 49
3
-70
1
Nota 50
2
-71
1
Nota 51
3
-74.0533
1
Nota 52
2
-76.2667
2.20667
Nota 53
1
-77.28
1
Nota 54
0
-78.3133
1
Nota 55
1
-79.3467
1
Nota 56
0
-80.3733
1
Nota 57
1
-81.3933
1
Nota 58
0
-82.4
1
Nota 59
1
-83.4067
1
Nota 60
0
-84.42
1
Nota 61
1
-86.4667
2.02666
Nota 62
2
-87.48
1
Nota 63
3
-88.6333
1
Nota 64
2
-89.6933
1
Nota 65
3
-90.7333
1
Nota 66
2
-91.7733
1
Nota 67
3
-92.8267
1
Nota 68
2
-94.7933
1.94667
Nota 69
1
-95.8133
1
Nota 70
0
-96.8333
1
Nota 71
1
-97.8733
1
Nota 72
0
-98.9
1
Nota 73
1
-99.9267
1
Nota 74
0
-100.94
1
Nota 75
1
-102.78
1.82667
Nota 76
2
-103.8
1
Nota 77
3
-104.82
1
Nota 78
2
-105.833
1
Nota 79
3
-106.873
1
Nota 80
2
-107.893
1
Nota 81
3
-108.913
1
Nota 82
2
-110
1
Nota 83
3
-111.027
1
Nota 84
2
-113.013
2.01333
Nota 85
1
-114.047
1
Nota 86
0
-115.067
1
Nota 87
1
-116.107
1
Nota 88
0
-117.12
1
Nota 89
1
-118.127
1
Nota 90
0
-119.14
1
Nota 91
1
-120.167
1
Nota 92
0
-121.2
1
Nota 93
1
-122.22
1
Nota 94
0
-123.24
1
Nota 95
2
-128.393
1
Nota 96
3
-129.433
1
Nota 97
2
-130.44
1
Nota 98
3
-131.473
1
Nota 99
2
-133.34
1.85333
Nota 100
2
-100.727
3.36
Nota 101
3
-97.3533
3.35332
Nota 102
1
-124
1
Nota 103
2
-124.413
1
Nota 104
3
-125
1
Nota 105
2
-125.62
1
Nota 106
1
-126
1
Nota 107
0
-126.52
1
Nota 108
1
-127.487
1
Nota 109
1
-134.353
1
Nota 110
0
-135.367
1
Nota 111
1
-136.387
1
Nota 112
0
-137.413
1
Nota 113
1
-139.373
1.93333
Nota 114
2
-140.387
1
Nota 115
3
-141.4
1
Nota 116
2
-142.4
1
Nota 117
3
-143.427
1
Nota 118
2
-144.473
1
Nota 119
3
-145.527
1
Nota 120
2
-145.54
-1.46002
Nota 121
2
-147.273
1.73999
Nota 122
1
-148.307
1
Nota 123
0
-149.32
1
Nota 124
1
-150.34
1
Nota 125
0
-151.347
1
Nota 126
1
-151.96
1
Nota 127
2
-152.48
1
Nota 128
3
-153
1
Nota 129
2
-153.72
1
Nota 130
1
-154
1
Nota 131
0
-154.347
1
Nota 132
1
-155.153
1
Nota 133
2
-156.487
1.99333
Nota 134
3
-157.527
1
Nota 135
2
-158.56
1
Nota 136
3
-159.647
1
Nota 137
2
-160.667
1
Nota 138
3
-161.68
1
Nota 139
2
-162.707
1
Nota 140
3
-163.727
1
Nota 141
2
-164.753
1
Nota 142
3
-165.787
1
Nota 143
2
-167.627
1.82668
Nota 144
1
-168.693
1
Nota 145
0
-169.713
1
Nota 146
1
-170.747
1
Nota 147
0
-171.773
1
Nota 148
1
-172.827
1
Nota 149
0
-173.84
1
Nota 150
1
-174.873
1
Nota 151
0
-175.887
1
Nota 152
1
-176.927
1
Nota 153
0
-177.947
1
Nota 154
1
-178.967
1
Nota 155
0
-180
1
Nota 156
1
-181.767
1.76666
Nota 157
2
-182.78
1
Nota 158
3
-183.8
1
Nota 159
2
-184.82
1
Nota 160
3
-185.833
1
Nota 161
2
-186.847
1
Nota 162
3
-187.867
1
Nota 163
2
-188.893
1
Nota 164
3
-189.9
1
Nota 165
2
-191.567
1.65334
Nota 166
1
-192.573
1
Nota 167
0
-193.073
1
Nota 168
1
-193.82
1
Nota 169
1
-196.08
1
Nota 170
0
-196.593
0.986649
Nota 171
2
-194.4
1
Nota 172
3
-194.953
1
Nota 173
2
-195.587
1
Nota 174
1
-198.333
1.69334
Nota 175
0
-199.34
1
Nota 176
1
-200.347
1
Nota 177
0
-201.353
1
Nota 178
1
-202.367
1
Nota 179
0
-203.387
1
Nota 180
1
-204.387
1
Nota 181
0
-205.4
0.973343
Nota 182
1
-207.047
1.62
Nota 183
2
-208.067
1
Nota 184
3
-209.073
1
Nota 185
2
-210.087
1
Nota 186
3
-211.107
1
Nota 187
2
-212.127
1
Nota 188
3
-213.14
1
Nota 189
2
-214.147
1
Nota 190
3
-215.167
1
Nota 191
2
-216.933
1.74666
Nota 192
1
-217.967
1
Nota 193
0
-219
1
Nota 194
1
-220
1
Nota 195
0
-221
1
Nota 196
1
-222
1
Nota 197
0
-223
1
Nota 198
1
-224
1
Nota 199
0
-225
1
Nota 200
1
-226.773
1.75334
Nota 201
2
-227.827
1
Nota 202
3
-228.84
1
Nota 203
2
-229.867
1
Nota 204
3
-230.907
1
Nota 205
2
-231.913
1
Nota 206
3
-232.907
1
Nota 207
2
-235.26
2.33333
Nota 208
1
-235.26
2.33333
Nota 209
0
-236.287
1
Nota 210
3
-236.26
1
Nota 211
2
-237
1
Nota 212
1
-237
1
Nota 213
3
-237.813
1
Nota 214
2
-238.267
1
Nota 215
1
-238.86
1
Nota 216
0
-239.44
1
Nota 217
1
-240
1
Nota 218
2
-240.52
1
Nota 219
3
-241
1
Nota 220
2
-241.713
1
Nota 221
1
-242.193
1
Nota 222
0
-243.2
1.67334
Nota 223
1
-244
1
Nota 224
2
-244.953
1
Nota 225
3
-245.813
1
Nota 226
2
-246.44
1
Nota 227
1
-246.927
1
Nota 228
0
-247.58
1
Nota 229
1
-248.233
1
Nota 230
2
-248.753
1
Nota 231
3
-249.22
0.979996
Nota 232
2
-250
0.940002
Nota 233
3
-254.807
1
Nota 234
2
-256
1.08
Nota 235
3
-257
1
Nota 236
2
-258.687
1.68668
Nota 237
1
-259.693
1
Nota 238
0
-260.733
1
Nota 239
1
-261.733
1
Nota 240
0
-262.753
1
Nota 241
1
-263.747
1
Nota 242
0
-264.767
1
Nota 243
1
-266.553
1.77335
Nota 244
1
-250.547
1
Nota 245
0
-251.213
1
Nota 246
1
-251.807
1
Nota 247
2
-252.4
1
Nota 248
3
-253
1
Nota 249
2
-253.687
1
Nota 250
2
-267.573
1
Nota 251
3
-268.587
1
Nota 252
2
-269.58
1
Nota 253
3
-270.593
1
Nota 254
2
-271.593
1
Nota 255
3
-272.607
1
Nota 256
2
-274.38
1.75998
Nota 257
1
-275
1
Nota 258
0
-275.547
1
Nota 259
1
-276.233
1
Nota 260
3
-277.153
1
Nota 261
2
-276.66
1
Nota 262
2
-277.873
1
Nota 263
1
-278.3
1
Nota 264
0
-278.667
1
Nota 265
1
-279.82
1
Nota 266
0
-281
1
Nota 267
1
-284.04
3.02667
Nota 268
2
-285.053
1
Nota 269
3
-286.073
1
Nota 270
2
-287.08
1
Nota 271
3
-288.12
1
Nota 272
2
-289.16
1
Nota 273
3
-290.18
1
Nota 274
2
-291.213
1
Nota 275
3
-292.24
1
Nota 276
2
-294.153
1.86667
Nota 277
1
-295.16
1
Nota 278
0
-296.16
1
Nota 279
1
-297.2
1
Nota 280
0
-298.227
1
Nota 281
1
-299.227
1
Nota 282
0
-300.233
1
Nota 283
1
-301.993
1.74664
Nota 284
2
-303
1
Nota 285
3
-304
1
Nota 286
2
-305
1
Nota 287
3
-306
1
Nota 288
2
-307
1
Nota 289
3
-308
1
Nota 290
2
-309
1
Nota 291
3
-310.04
1
Nota 292
2
-311.093
1
Nota 293
0
-313.453
2.32666
Nota 294
3
-312.153
1
Nota 295
3
-315.013
1
Nota 296
2
-313.567
1
Nota 297
2
-316.953
2.12665
Nota 298
1
-318
1
Nota 299
0
-319
1
Nota 300
1
-320
1
Nota 301
0
-321
1
Nota 302
1
-322
1
Nota 303
0
-323
1
Nota 304
1
-323.553
1
Nota 305
2
-324
1
Nota 306
3
-324.68
1
Nota 307
2
-325.327
1
Nota 308
1
-325.72
1
Nota 309
0
-326.38
1
Nota 310
1
-327.393
1
Nota 311
0
-328.413
1
Nota 312
1
-329.44
1
Nota 313
0
-330.46
1
Nota 314
1
-331.467
1
Nota 315
0
-332.493
1
Nota 316
1
-334.28
1.74002
Nota 317
2
-335.307
1
Nota 318
3
-336.347
1
Nota 319
2
-337.367
1
Nota 320
3
-338.387
1
Nota 321
2
-339.4
1
Nota 322
3
-340.433
1
Nota 323
2
-341.467
1
Nota 324
3
-342.527
1
Nota 325
2
-344.38
1.84668
Nota 326
1
-345.387
1
Nota 327
0
-346.38
1
Nota 328
1
-347.367
1
Nota 329
0
-348.4
1
Nota 330
1
-349.413
1
Nota 331
0
-350.393
1
Nota 332
1
-351.407
1
Nota 333
2
-352
1
Nota 334
3
-352.487
1
Nota 335
2
-353.3
1
Nota 336
1
-353.873
1
Nota 337
0
-354.307
1
Nota 338
1
-355
1
Nota 339
2
-355.44
1
Nota 340
3
-356
1
Nota 341
2
-357
1
Nota 342
3
-358
1
Nota 343
2
-359
1
Nota 344
3
-360
1
Nota 345
2
-361.847
1.84665
Nota 346
1
-362.86
1
Nota 347
0
-363.867
1
Nota 348
1
-364.887
1
Nota 349
0
-365.913
1
Nota 350
1
-367
1
Nota 351
0
-368
1
Nota 352
1
-369
1
Nota 353
0
-370
1
Nota 354
1
-370.513
1
Nota 355
2
-371
1
Nota 356
3
-371.547
1
Nota 357
2
-372.253
1
Nota 358
1
-373
1
Nota 359
0
-373.62
1
Nota 360
1
-374.36
1
Nota 361
2
-375
1
Nota 362
3
-375.687
1
Nota 363
2
-377
1
Nota 364
3
-378
1
Nota 365
0
-378
1
Nota 366
1
-379
1
Nota 367
2
-381
1.86667
Nota 368
3
-382.8
1.80002
Nota 369
2
-384.9
2.10001
Nota 370
3
-387.3
2.38669
Nota 371
2
-388.493
2.34003
Nota 372
0
-390.347
2.06665
Nota 373
1
-391
1
Nota 374
2
-392
1
Nota 375
1
-393
1
Nota 376
2
-394
1
Nota 377
1
-395
1
Nota 378
2
-396
1
Nota 379
1
-397
1
Nota 380
2
-398
1
Nota 381
1
-399
1
Nota 382
2
-400
1
Nota 383
1
-401
1
Nota 384
2
-402
1
Nota 385
1
-403
1
Nota 386
0
-403.493
1
Nota 387
1
-404.467
1
Nota 388
2
-405.147
1
Nota 389
3
-405.78
1
Nota 390
0
-340.08
2.24002
Nota 391
2
-409.507
3.72665
Nota 392
2
-38.2067
1
End
=======
<<<<<<< HEAD
BPS
4
Nota 0
2
-124.807
1.43999
Nota 1
2
-24.4267
1.42667
Nota 2
0
-24.4333
1.43333
Nota 3
0
-25.82
1.37333
Nota 4
2
-25.8333
1.39334
Nota 5
2
-27.2067
1.35333
Nota 6
0
-27.1933
1.36667
Nota 7
0
-29.1533
1.95333
Nota 8
2
-29.1667
1.94666
Nota 9
1
-30.68
1.51333
Nota 10
3
-30.7
1.52
Nota 11
1
-32.3267
1.48
Nota 12
3
-32.32
1.46666
Nota 13
1
-34.0467
1.40667
Nota 14
3
-34.0533
1.4
Nota 15
1
-36.24
1.96667
Nota 16
3
-36.24
1.95333
Nota 17
0
-37.76
1.50667
Nota 18
3
-37.78
1.52
Nota 19
0
-39.5133
1.51334
Nota 20
3
-39.5133
1.51333
Nota 21
3
-41.2867
1.46
Nota 22
0
-41.28
1.49334
Nota 23
3
-43.2467
1.60667
Nota 24
0
-43.2333
1.58667
Nota 25
1
-44.72
1.48
Nota 26
2
-44.72
1.48
Nota 27
1
-46.4333
1.43333
Nota 28
2
-46.4333
1.44
Nota 29
1
-48.18
1.46666
Nota 30
2
-48.18
1.46666
Nota 31
1
-50.16
1.65333
Nota 32
2
-50.16
1.64667
Nota 33
0
-51.8133
1.49334
Nota 34
2
-51.8067
1.48
Nota 35
0
-53.4
1.34
Nota 36
2
-53.3933
1.34667
Nota 37
0
-55.08
1.43333
Nota 38
2
-55.08
1.43333
Nota 39
0
-56.9267
1.60667
Nota 40
2
-56.9
1.54666
Nota 41
1
-58.3533
1.41333
Nota 42
3
-58.3667
1.42667
Nota 43
1
-60.06
1.43333
Nota 44
3
-60.0667
1.41333
Nota 45
1
-61.6133
1.38
Nota 46
3
-61.6
1.37333
Nota 47
1
-63.5267
1.64
Nota 48
3
-63.54
1.66
Nota 49
3
-65.0533
1.48667
Nota 50
0
-65.04
1.5
Nota 51
0
-66.5867
1.33334
Nota 52
3
-66.5867
1.34
Nota 53
0
-68.26
1.40665
Nota 54
3
-68.26
1.41999
Nota 55
0
-70.2733
1.69333
Nota 56
3
-70.3
1.68667
Nota 57
1
-71.6733
1.38
Nota 58
2
-71.6733
1.38
Nota 59
1
-73.3867
1.38667
Nota 60
2
-73.3867
1.38667
Nota 61
1
-75.1067
1.43999
Nota 62
2
-75.1067
1.44667
Nota 63
1
-76.94
1.48
Nota 64
2
-76.94
1.48666
Nota 65
0
-78.34
1.38667
Nota 66
2
-78.3533
1.39333
Nota 67
0
-79.9333
1.4
Nota 68
2
-79.9133
1.39333
Nota 69
0
-81.64
1.48
Nota 70
2
-81.6133
1.46667
Nota 71
0
-83.4533
1.66667
Nota 72
2
-83.4267
1.62666
Nota 73
1
-84.9
1.42667
Nota 74
3
-84.92
1.47333
Nota 75
1
-86.6467
1.5
Nota 76
3
-86.6467
1.50001
Nota 77
1
-88.3067
1.37334
Nota 78
3
-88.32
1.39333
Nota 79
1
-90.1467
1.57999
Nota 80
3
-90.1667
1.60667
Nota 81
3
-91.6067
1.42
Nota 82
0
-91.5667
1.41333
Nota 83
0
-93.2
1.40668
Nota 84
0
-94.8667
1.46667
Nota 85
3
-93.18
1.36667
Nota 86
3
-94.9067
1.45999
Nota 87
3
-96.6133
1.54
Nota 88
0
-96.62
1.56667
Nota 89
1
-98.0067
1.37333
Nota 90
2
-98.0067
1.37334
Nota 91
1
-99.6133
1.38667
Nota 92
2
-99.6133
1.38666
Nota 93
1
-101.24
1.36666
Nota 94
2
-101.24
1.37334
Nota 95
1
-103
1.48666
Nota 96
2
-103
1.48667
Nota 97
0
-104.42
1.42
Nota 98
2
-104.42
1.42
Nota 99
0
-106.033
1.41334
Nota 100
2
-106.02
1.38666
Nota 101
2
-107.607
1.35333
Nota 102
0
-107.6
1.34667
Nota 103
0
-109.64
1.8
Nota 104
2
-109.647
1.81999
Nota 105
1
-111.08
1.39333
Nota 106
3
-111.073
1.39333
Nota 107
1
-112.633
1.37333
Nota 108
3
-112.64
1.37334
Nota 109
3
-114.2
1.34
Nota 110
1
-114.193
1.34666
Nota 111
1
-116.28
1.86667
Nota 112
3
-116.267
1.84
Nota 113
3
-117.76
1.47333
Nota 114
0
-117.727
1.45333
Nota 115
3
-119.46
1.46
Nota 116
0
-119.427
1.44
Nota 117
3
-121.147
1.4
Nota 118
0
-121.113
1.37333
Nota 119
0
-123.313
1.85333
Nota 120
3
-123.353
1.86001
Nota 121
1
-124.807
1.43999
Nota 122
1
-126.46
1.39334
Nota 123
2
-126.46
1.39333
Nota 124
1
-128.127
1.38
Nota 125
2
-128.127
1.38
Nota 126
2
-130.08
1.74001
Nota 127
1
-130.073
1.73334
Nota 128
1
-131.1
1
Nota 129
2
-131.1
1
Nota 130
1
-132.127
1
Nota 131
2
-132.713
1
Nota 132
3
-133.107
1
Nota 133
3
-134.127
1
Nota 134
2
-134.5
1
Nota 135
1
-135
1
Nota 136
2
-135.513
1
Nota 137
3
-135.953
1
Nota 138
3
-136.967
1
Nota 139
2
-137.353
1
Nota 140
1
-137.9
0.979996
Nota 141
2
-138.367
1
Nota 142
3
-138.847
1
Nota 143
3
-139.853
1
Nota 144
2
-140.327
1
Nota 145
1
-140.833
1
Nota 146
2
-141.327
1
Nota 147
3
-141.9
1
Nota 148
3
-142.913
1
Nota 149
2
-143.327
1
Nota 150
1
-143.953
1
Nota 151
2
-144.347
1
Nota 152
3
-144.92
1
Nota 153
3
-145.927
1
Nota 154
2
-146.407
1
Nota 155
1
-146.913
1
Nota 156
2
-147.42
1
Nota 157
3
-147.887
1
Nota 158
3
-148.9
1
Nota 159
2
-149.38
1
Nota 160
1
-149.873
1
Nota 161
3
-150.84
1
Nota 162
2
-150.407
1
Nota 163
3
-151.84
1
Nota 164
2
-152.267
1
Nota 165
1
-152.733
1
Nota 166
2
-153.28
1
Nota 167
3
-153.82
1
Nota 168
3
-154.84
1
Nota 169
2
-155.233
1
Nota 170
1
-155.747
1
Nota 171
2
-156.253
1
Nota 172
3
-156.727
1
Nota 173
3
-157.74
1
Nota 174
2
-158.153
1
Nota 175
1
-158.627
1
Nota 176
2
-159.16
1
Nota 177
3
-159.76
1
Nota 178
3
-160.76
1
Nota 179
2
-161.133
1
Nota 180
1
-161.6
1
Nota 181
2
-162.147
1
Nota 182
3
-162.767
1
Nota 183
3
-163.78
1
Nota 184
2
-164.247
1
Nota 185
1
-164.7
1
Nota 186
2
-165.273
1
Nota 187
3
-165.713
1
Nota 188
3
-166.713
1
Nota 189
2
-167.153
1
Nota 190
1
-167.607
1
Nota 191
2
-168.167
1
Nota 192
3
-168.587
1
Nota 193
3
-169.6
1
Nota 194
2
-170.08
1
Nota 195
1
-170.587
1
Nota 196
2
-171.087
1
Nota 197
3
-171.593
1
Nota 198
3
-172.607
1
Nota 199
2
-173.08
1
Nota 200
1
-173.567
1
Nota 201
2
-174.093
1
Nota 202
3
-174.613
1
Nota 203
3
-175.627
1
Nota 204
2
-176.127
1
Nota 205
1
-176.633
1
Nota 206
2
-177.133
1
Nota 207
3
-177.647
1
Nota 208
3
-178.667
1
Nota 209
2
-179.14
1
Nota 210
1
-179.667
1
Nota 211
2
-180.147
1
Nota 212
3
-180.633
1
Nota 213
3
-181.653
1
Nota 214
2
-182.087
1
Nota 215
1
-182.593
1
Nota 216
2
-183.1
1
Nota 217
3
-183.613
1
Nota 218
3
-184.627
1
Nota 219
2
-185.093
1
Nota 220
1
-185.567
1
Nota 221
2
-186.093
1
Nota 222
3
-186.587
1
Nota 223
3
-187.593
1
Nota 224
2
-188.087
1
Nota 225
1
-188.6
1
Nota 226
2
-189.08
1
Nota 227
3
-189.547
1
Nota 228
3
-190.547
1
Nota 229
2
-190.993
1
Nota 230
1
-191.493
1
Nota 231
2
-192.007
1
Nota 232
3
-192.427
1
Nota 233
3
-193.427
1
Nota 234
2
-193.86
1
Nota 235
1
-194.367
1
Nota 236
2
-194.893
1
Nota 237
3
-195.307
1
Nota 238
3
-196.307
1
Nota 239
2
-196.813
1
Nota 240
1
-197.327
1
Nota 241
2
-197.833
1
Nota 242
3
-198.333
1
Nota 243
3
-199.36
1
Nota 244
2
-199.82
1
Nota 245
1
-200.287
1
Nota 246
2
-200.84
1
Nota 247
3
-201.38
1
Nota 248
3
-202.373
1
Nota 249
2
-202.867
1
Nota 250
1
-203.36
1
Nota 251
2
-203.867
1
Nota 252
3
-204.293
1
Nota 253
3
-205.313
1
Nota 254
2
-205.78
1
Nota 255
1
-206.247
1
Nota 256
2
-206.793
1
Nota 257
3
-207.367
1
Nota 258
3
-208.373
1
Nota 259
2
-208.853
1
Nota 260
1
-211.54
3.26001
Nota 261
0
-213.407
1.85333
Nota 262
1
-215.32
1.88667
Nota 263
3
-216.913
1.54668
Nota 264
3
-218.62
1.69333
Nota 265
0
-220.287
1.63333
Nota 266
1
-221.813
1.53334
Nota 267
3
-223.52
1.68668
Nota 268
3
-225.347
1.79335
Nota 269
0
-226.64
1.25334
Nota 270
1
-227.16
1
Nota 271
0
-228.433
1.26666
Nota 272
1
-229
1
Nota 273
0
-230.307
1.28
Nota 274
1
-230.787
1
Nota 275
0
-232.127
1.32666
Nota 276
1
-232.6
1
Nota 277
0
-233.967
1.34666
Nota 278
1
-234.46
1
Nota 279
0
-235.82
1.35333
Nota 280
1
-236.327
1
Nota 281
0
-237.66
1.33333
Nota 282
1
-238.12
1
Nota 283
0
-240.147
2.00667
Nota 284
1
-242.16
2.00667
Nota 285
3
-243.773
1.60001
Nota 286
3
-245.4
1.59999
Nota 287
0
-247.213
1.79333
Nota 288
1
-248.933
1.72
Nota 289
3
-250.54
1.60667
Nota 290
3
-252.12
1.58
Nota 291
3
-253.533
1.39334
Nota 292
2
-253.987
1
Nota 293
3
-255.4
1.41335
Nota 294
2
-255.867
1
Nota 295
3
-257.313
1.44
Nota 296
2
-257.827
1
Nota 297
3
-259.28
1.44
Nota 298
2
-259.793
1
Nota 299
3
-261.173
1.37335
Nota 300
2
-261.707
1
Nota 301
3
-263.093
1.36667
Nota 302
2
-263.62
1
Nota 303
3
-265.487
1.86667
Nota 304
1
-266.687
1
Nota 305
2
-267.387
1
Nota 306
3
-268.067
1
Nota 307
0
-268.46
1
Nota 308
3
-269.987
1
Nota 309
2
-271.047
1.18665
Nota 310
1
-272.607
1.53998
Nota 311
1
-273.613
0.986664
Nota 312
2
-274.2
1
Nota 313
3
-274.727
1
Nota 314
0
-275.193
1
Nota 315
3
-276.6
1
Nota 316
2
-277.66
1.19998
Nota 317
1
-279.56
1.41333
Nota 318
0
-278.713
1
Nota 319
0
-271.607
1
Nota 320
1
-280.58
1
Nota 321
2
-281.067
1
Nota 322
3
-281.587
1
Nota 323
0
-282.227
1
Nota 324
3
-283.48
1
Nota 325
2
-284.667
1.29999
Nota 326
0
-285.313
1
Nota 327
1
-286.5
1.63333
Nota 328
1
-287.507
1
Nota 329
2
-289.46
2.35333
Nota 330
3
-289.453
2.34668
Nota 331
0
-288.593
1
Nota 332
3
-290.473
1
Nota 333
3
-293.087
1.75336
Nota 334
2
-291.313
1
Nota 335
0
-294.047
1.28665
Nota 336
1
-294.513
1
Nota 337
0
-295.44
1.38666
Nota 338
1
-296.107
1
Nota 339
2
-297.133
1
Nota 340
3
-297.687
1
Nota 341
2
-298.947
1.40002
Nota 342
3
-300.313
1.76666
Nota 343
2
-301.307
1
Nota 344
3
-301.92
1
Nota 345
2
-302.927
1
Nota 346
3
-303.733
1
Nota 347
2
-304.74
1
Nota 348
3
-306.04
1.58667
Nota 349
2
-307.447
1.69998
Nota 350
3
-307.933
1
Nota 351
2
-308.447
1
Nota 352
3
-309.447
1
Nota 353
2
-310.16
1
Nota 354
3
-311.167
1
Nota 355
2
-311.88
1
Nota 356
3
-313.607
1.71335
Nota 357
2
-313.613
1
Nota 358
3
-314.62
1
Nota 359
2
-315.227
1
Nota 360
3
-316.233
1
Nota 361
2
-316.827
1
Nota 362
3
-317.793
1
Nota 363
2
-319.34
2
Nota 364
3
-320.053
1
Nota 365
2
-321.053
1
Nota 366
3
-321.62
1
Nota 367
2
-322.6
1
Nota 368
3
-323.213
1
Nota 369
2
-324.213
1
Nota 370
3
-324.753
1
Nota 371
2
-326.633
1.85333
Nota 372
3
-327.64
1
Nota 373
2
-328.213
1
Nota 374
3
-329.233
1
Nota 375
2
-329.74
1
Nota 376
3
-330.747
1
Nota 377
2
-331.287
1
Nota 378
3
-332.293
1
Nota 379
2
-333.873
2.05331
Nota 380
3
-334.873
1
Nota 381
2
-335.4
1
Nota 382
3
-336.413
1
Nota 383
2
-336.947
1
Nota 384
3
-337.987
1
Nota 385
2
-338.587
1
Nota 386
3
-339.607
1
Nota 387
2
-340.86
1.70667
Nota 388
3
-341.833
1
Nota 389
2
-342.42
1
Nota 390
3
-343.427
1
Nota 391
2
-344.007
1
Nota 392
3
-345.02
1
Nota 393
2
-345.587
1
Nota 394
3
-346.593
1
Nota 395
2
-346.6
1
Nota 396
0
-347.18
1
Nota 397
1
-347.827
1
Nota 398
2
-348.587
1
Nota 399
3
-349.233
1
Nota 400
3
-350.253
1
Nota 401
2
-350.82
1
Nota 402
1
-351.34
1
Nota 403
0
-351.84
1
Nota 404
0
-352.867
1
Nota 405
1
-353.467
1
Nota 406
2
-354.04
1
Nota 407
3
-354.553
1
Nota 408
3
-355.567
1
Nota 409
2
-356.153
1
Nota 410
0
-357.233
1
Nota 411
1
-356.713
1
Nota 412
0
-358.227
1
Nota 413
1
-358.747
1
Nota 414
2
-359.26
1
Nota 415
3
-359.853
1
Nota 416
3
-360.853
1
Nota 417
2
-361.393
1
Nota 418
1
-361.913
1
Nota 419
0
-363.44
1.98666
Nota 420
0
-365.373
1.89999
Nota 421
0
-367.807
2.42001
Nota 422
0
-369.813
1.95999
Nota 423
1
-371.773
1.93335
Nota 424
2
-373.667
1.89999
Nota 425
3
-375.307
1.63333
Nota 426
3
-377.047
1.73999
Nota 427
3
-378.753
1.70667
Nota 428
2
-380.44
1.67999
Nota 429
1
-382.16
1.72
Nota 430
2
-383.867
1.70667
Nota 431
3
-385.527
1.66
Nota 432
3
-387.993
2.44666
Nota 433
3
-389.933
1.91998
Nota 434
2
-391.653
1.73999
Nota 435
1
-393.953
2.31335
Nota 436
2
-396.047
2.09335
Nota 437
3
-397.907
1.86002
Nota 438
3
-399.647
1.70667
Nota 439
3
-402.347
2.67331
Nota 440
2
-404.4
2.05334
Nota 441
1
-406.34
1.97333
Nota 442
2
-408.64
2.32001
Nota 443
3
-410.587
1.93335
Nota 444
3
-412.707
2.10001
Nota 445
3
-415.447
2.72665
Nota 446
2
-417.373
1.90668
Nota 447
1
-419.42
2.02667
Nota 448
2
-421.2
1.77335
Nota 449
3
-423.307
2.09332
Nota 450
3
-425.293
1.95334
Nota 451
3
-427.06
1.74667
Nota 452
0
-427.987
1
Nota 453
1
-428.407
1
Nota 454
2
-428.887
1
Nota 455
0
-429.607
1
Nota 456
0
-430.633
1
Nota 457
1
-431.213
1
Nota 458
2
-431.827
1
Nota 459
3
-433.587
2.13333
Nota 460
2
-433.293
1
Nota 461
0
-434.407
1
Nota 462
1
-434.887
1
Nota 463
2
-435.473
1
Nota 464
0
-436.207
1
Nota 465
0
-437.213
1
Nota 466
1
-437.68
1
Nota 467
2
-438.207
1
Nota 468
3
-439.68
1.97998
Nota 469
2
-439.68
1
Nota 470
0
-441.027
1
Nota 471
1
-441.48
1
Nota 472
2
-442.027
1
Nota 473
0
-442.507
1
Nota 474
0
-443.513
1
Nota 475
1
-443.953
1
Nota 476
2
-444.387
1
Nota 477
3
-445.84
1.94666
Nota 478
2
-445.833
1
Nota 479
2
-446.847
1
Nota 480
3
-446.847
1
Nota 481
0
-447.853
1
Nota 482
1
-448.227
1
Nota 483
2
-448.673
1
Nota 484
0
-449.253
1
Nota 485
0
-450.26
1
Nota 486
1
-450.78
1
Nota 487
2
-451.293
1
Nota 488
3
-452.887
2.00003
Nota 489
2
-453.433
1
Nota 490
3
-454.453
1
Nota 491
2
-455.193
1
Nota 492
3
-456.207
1
Nota 493
2
-458
2.05334
Nota 494
2
-459.013
1
Nota 495
3
-459.68
1
Nota 496
2
-461.507
1.81332
Nota 497
3
-462.52
1
Nota 498
2
-463.207
1
Nota 499
3
-464.233
1
Nota 500
2
-464.933
1
Nota 501
3
-465.953
1
Nota 502
2
-467.58
1.88666
Nota 503
3
-468.6
1
Nota 504
2
-469.36
1
Nota 505
3
-470.373
1
Nota 506
2
-470.993
0.899994
Nota 507
3
-472.02
1
Nota 508
2
-472.707
1
Nota 509
3
-473.72
1
Nota 510
2
-475.027
1.70001
Nota 511
3
-476.033
1
Nota 512
2
-476.747
1
Nota 513
3
-477.74
1
Nota 514
2
-478.467
1
Nota 515
3
-479.467
1
Nota 516
2
-480.16
1
Nota 517
3
-482.027
1.84668
Nota 518
0
-483
1
Nota 519
1
-483.513
1
Nota 520
2
-484
1
Nota 521
2
-485.033
1
Nota 522
3
-486.053
1
Nota 523
2
-486.807
1
Nota 524
3
-488.86
1.75333
Nota 525
2
-489.873
1
Nota 526
3
-490.887
1
Nota 527
2
-491.52
1
Nota 528
3
-492.52
1
Nota 529
2
-493.24
1
Nota 530
3
-493.907
1
Nota 531
2
-494.933
1
Nota 532
3
-495.64
1
Nota 533
2
-496.653
1
Nota 534
3
-497.133
1
Nota 535
2
-498.153
1
Nota 536
3
-498.727
1
Nota 537
2
-499.727
1
Nota 538
3
-500.213
1
Nota 539
2
-501.233
1
Nota 540
3
-501.753
1
Nota 541
2
-502.767
1
Nota 542
3
-503.28
1
Nota 543
2
-504.3
1
Nota 544
3
-504.92
1
Nota 545
2
-505.953
1
Nota 546
3
-519.634
11.5739
Nota 547
2
-527.087
7.427
Nota 548
3
-527.093
7.43329
Nota 549
1
-527.087
7.42712
Nota 550
0
-527.094
7.43365
End
